iter      cost      cost_change  |gradient|   |step|    tr_ratio  tr_radius  ls_iter  iter_time  total_time
   0  9.932090e+00    0.00e+00    1.16e+02   0.00e+00   0.00e+00  1.00e+04        0    2.16e-03    2.27e-03
   1  8.304102e-01    9.10e+00    1.02e+01   5.38e-01   9.93e-01  3.00e+04        1    2.09e-03    4.59e-03
   2  6.453983e-01    1.85e-01    2.73e+00   7.56e-02   1.19e+00  9.00e+04        1    2.03e-03    6.66e-03
   3  6.017870e-01    4.36e-02    1.80e+00   7.70e-02   1.57e+00  2.70e+05        1    1.89e-03    8.59e-03
   4  5.678125e-01    3.40e-02    1.98e+00   6.35e-02   2.00e+00  8.10e+05        1    1.69e-03    1.03e-02
   5  4.910950e-01    7.67e-02    3.48e+00   8.92e-02   2.65e+00  2.43e+06        1    1.70e-03    1.20e-02
   6  1.872825e-01    3.04e-01    3.44e+00   1.89e-01   2.51e+00  7.29e+06        1    1.74e-03    1.38e-02
   7  1.484126e-01    3.89e-02    4.48e-02   3.25e-02   1.07e+00  2.19e+07        1    1.62e-03    1.54e-02
   8  1.483745e-01    3.81e-05    1.79e-03   3.94e-03   1.00e+00  6.56e+07        1    1.61e-03    1.71e-02
Ceres Solver Report: Iterations: 8, Initial cost: 9.932090e+00, Final cost: 1.483745e-01, Termination: CONVERGENCE
Initial m: 0 c: 0
Final   m: 0.29985 c: 0.0728359
